25.288421
23.460526
23.092632
23.846842
24.443684
24.787368
23.281579
24.421053
22.566842
25.490000
22.910000
23.758421
22.434211
25.297895
24.219474
23.848947
24.300526
24.793684
24.933684
23.608421
24.464211
22.488421
23.250526
24.984737
24.590000
25.667895
23.087895
25.561053
23.797895
22.624737
24.674737
23.307895
25.434737
22.820526
22.791579
24.136842
22.902105
23.326316
25.152632
23.434737
22.924737
23.548421
24.330526
23.253158
23.903158
23.012632
24.426842
23.204737
25.536842
23.438947
23.157895
22.702632
24.016842
22.788421
22.600526
24.471053
25.363684
23.007895
24.347368
22.759474
23.274737
23.212105
24.679474
22.761053
22.635263
23.041053
25.427368
24.325789
24.090000
23.069474
22.860526
22.476316
23.615263
25.046316
25.225263
23.518421
22.894211
23.236842
22.803158
22.655789
23.954737
22.697895
23.040000
24.454211
24.346316
25.435263
23.079474
22.685789
25.473684
22.717895
23.777895
23.129474
24.591053
24.200526
23.534211
23.263158
23.663684
25.330526
23.028421
25.027368
24.141053
22.987368
23.477895
24.965789
25.366316
25.245263
22.909474
22.887368
22.932632
23.902105
23.987368
23.306842
23.656316
23.461053
24.924737
22.934211
23.050526
23.083684
23.379474
24.182632
24.502105
24.150000
22.930526
23.642105
23.443684
23.892632
24.417368
24.516842
24.821053
22.511579
24.660000
22.846316
23.924737
25.778421
25.356842
23.345789
24.100000
24.850526
23.746842
24.754211
25.614737
24.877895
23.458947
24.556842
22.999474
24.782632
24.093158
23.586842
25.054211
23.308947
25.154211
24.161053
24.009474
24.927368
24.928421
24.402105
24.338947
23.915263
23.792632
23.858421
24.575263
22.966842
24.151053
24.772105
25.028421
22.774737
23.232105
24.889474
24.096316
24.318421
23.436842
22.944211
24.879474
24.447368
23.672105
22.896842
24.866842
24.174211
22.874737
22.912632
22.665263
23.534737
24.827368
24.758421
24.651053
25.452105
22.775789
23.058421
25.513158
23.421579
23.464211
23.814211
24.197895
23.436842
25.626316
23.941579
23.220526
23.184211
22.896842
24.850526
23.271579
23.288947
24.028947
22.685789
24.811579
24.386316
22.840526
25.631579
25.273158
25.240000
24.738421
22.608947
25.750526
22.927368
23.360000
24.408421
23.540000
22.647368
25.000526
23.426842
23.702632
23.481053
23.107368
23.076842
24.661579
24.292105
24.632632
23.535789
23.404737
24.952632
22.540526
22.377895
24.242105
22.958421
25.065789
24.267368
24.226316
22.896842
23.887368
25.514737
23.183158
23.798421
22.866842
22.989474
24.197895
24.676316
24.674211
23.910000
23.305263
23.448421
23.548947
23.016316
25.106842
24.030000
23.159474
24.538947
23.168947
25.008947
24.576316
24.095263
22.807368
25.536316
23.734737
23.476316
23.643684
24.700526
25.211053
22.761053
24.136316
23.164737
23.310526
22.759474
23.951053
22.736316
23.116842
22.796842
25.471053
22.523158
22.926842
25.173158
23.846316
24.375789
25.313684
24.230526
23.010000
25.158947
24.003684
22.842632
25.104737
22.911053
22.781579
23.884211
22.701579
22.720526
22.929474
25.686842
22.585789
24.425789
24.505789
25.222632
24.858947
25.661579
23.635789
25.125263
24.955789
23.907895
22.623684
24.367368
22.844211
24.781053
25.718421
24.944211
23.022105
24.058947
24.078421
23.337368
23.435263
22.986316
25.648947
22.864737
23.007368
23.155789
23.293684
22.993684
23.260000
23.085263
24.765789
23.250526
23.730526
25.415263
23.916316
25.218421
24.140526
23.521579
24.553684
23.376842
25.741579
25.000526
24.812105
23.960000
23.446842
22.661053
24.830526
23.323684
25.000000
24.958947
23.458421
25.857368
23.045789
24.602105
23.007368
23.591579
23.536842
25.164211
24.496842
23.455263
23.021053
23.982105
23.464737
23.650526
22.961053
23.841579
22.722105
25.359474
22.793684
23.519474
24.370000
23.198421
22.679474
23.470000
22.649474
24.340000
24.214737
23.250526
23.666316
22.967368
23.793158
24.597368
24.940526
24.247368
25.238421
24.603158
23.172105
23.911579
23.288421
22.934737
23.134737
24.578947
24.347368
24.850526
23.603158
22.847895
23.670526
23.120526
24.905263
23.032632
25.867895
26.064737
23.302632
25.302105
24.283158
24.302105
25.765263
25.137368
24.288947
24.996316
23.573158
25.316842
24.772632
23.206316
23.862105
24.141053
22.832632
24.932632
25.387895
23.336316
23.680526
23.332105
23.348947
23.100000
23.511579
23.667368
24.291579
23.787895
23.396316
25.242632
23.882105
22.646316
23.283684
24.977368
24.543684
22.827368
24.233684
23.423158
22.781579
23.124737
24.057368
25.726316
22.822632
23.426316
22.790000
23.865789
23.918947
24.899474
23.238421
25.218421
23.062105
23.331579
23.550000
24.697368
25.087895
24.211053
22.752632
23.895263
22.981053
23.696316
24.134211
25.320000
24.240526
25.170526
22.727895
24.701579
22.558947
22.848421
23.303684
24.601053
23.568421
22.957368
23.240000
24.385789
24.764737
23.541053
23.721053
22.777895
23.741579
23.064737
24.056316
23.075789
24.917368
23.020526
23.729474
22.901053
25.107895
22.768421
22.759474
25.603158
24.638947
22.583158
23.352632
25.139474
22.833684
23.297368
25.181053
23.535789
23.487368
24.877368
24.294737
23.353158
22.640000
23.571053
23.223684
23.603684
24.911053
24.238947
25.384737
23.561579
22.865789
24.466842
23.491053
23.105263
24.538947
23.469474
24.845263
23.112105
25.556842
22.728421
24.030000
25.464737
25.428421
22.595263
23.361579
25.100000
24.451579
23.450526
22.530526
22.893158
25.037895
22.693684
24.725789
23.368421
24.630000
23.778421
25.026316
24.584211
23.906842
25.461579
23.078947
24.486316
22.720526
24.692105
24.849474
23.023158
25.119474
23.121579
25.227368
23.465263
23.671579
23.418947
24.060526
22.593684
22.718947
25.147368
23.203158
24.488947
24.578947
23.789474
23.605789
24.985263
25.388947
25.181579
24.572632
25.558421
25.668947
25.434737
25.088947
23.705263
23.125789
23.112105
22.842632
24.864737
22.931579
23.236842
22.849474
23.700000
24.435263
24.788947
25.337368
25.801579
24.086316
23.018421
24.948947
22.564211
25.173158
23.897895
22.386842
22.655789
22.934211
23.832632
25.002105
24.424737
23.992632
23.619474
22.624211
23.527895
22.890000
23.358421
22.639474
24.215263
23.831579
22.746842
23.273158
23.105789
22.785263
23.655263
24.670526
23.252105
24.978947
23.922632
24.756842
24.025789
23.165789
22.944211
25.362632
23.899474
25.495789
23.190000
24.051053
25.364211
23.028947
22.572105
23.467895
24.095263
25.535789
23.207368
24.040526
24.852632
23.955789
23.905263
23.833684
24.812105
22.648421
23.360526
23.640000
22.877895
24.403684
24.338947
24.241579
23.404737
24.404211
23.584737
22.826842
23.571579
25.209474
25.217368
23.132105
25.175789
24.147368
23.163158
24.221053
25.012105
24.202105
23.409474
25.778947
24.492105
22.881053
22.722632
22.975263
24.697368
22.865789
23.564737
22.906842
23.024211
23.200000
23.118421
22.448947
24.126842
24.527895
24.986316
25.254211
24.021053
23.964211
23.649474
23.660000
23.388947
25.045789
25.443684
24.154211
22.678947
23.494737
24.348947
22.870000
23.927368
23.307368
22.383158
23.782105
22.722105
25.074737
24.583158
24.702632
24.566842
25.640526
25.335263
23.685263
24.571053
23.206316
22.875789
23.289474
23.364737
23.171579
24.930000
24.550000
22.746316
24.394737
22.854737
22.783158
23.803158
23.086316
23.696316
25.437368
25.531579
24.781053
23.697368
22.764211
24.505263
22.627368
24.961579
24.878947
22.918947
22.972105
23.355263
22.674211
23.420000
22.922632
24.386842
23.709474
23.570000
24.590526
23.088947
23.828947
25.600000
23.222105
23.636842
23.789474
24.923158
23.161579
24.646842
24.140526
24.677368
23.091053
24.856842
24.687368
23.883684
24.244211
24.351053
23.386316
23.035263
22.484211
24.983158
23.074211
24.798421
23.525263
25.423158
22.750526
24.422105
24.651053
24.203684
23.975263
22.941053
25.829474
23.286842
25.045263
25.132105
23.113684
23.447895
23.637368
24.974211
24.344737
25.830526
23.056842
24.326842
23.197368
23.037895
25.058947
24.691053
23.504211
23.371053
23.973684
24.844211
22.943684
22.762632
23.221053
23.570526
23.270000
22.911053
23.907895
24.438421
23.251053
24.463684
23.143684
22.915789
23.356316
23.172105
25.384737
25.453684
22.692632
22.538947
23.856842
23.928947
24.611053
23.656842
22.924211
24.082632
23.468421
25.386316
23.609474
25.024211
24.377368
23.503158
25.103684
23.508421
23.506316
23.506842
23.571053
24.536842
23.666316
23.919474
23.095789
23.347895
23.510526
24.061579
23.528947
24.293684
24.462632
24.538947
25.455789
23.529474
23.437368
23.034211
23.040000
23.057368
22.554737
23.974211
23.102632
25.122105
25.004211
25.026842
22.673158
22.514211
23.115789
23.608421
22.760000
23.540000
23.287895
24.534211
25.177368
24.712105
24.938947
23.275263
24.971053
23.609474
23.208947
23.464211
23.362105
23.214737
23.794737
23.965789
24.340000
25.101053
23.287895
23.623158
23.181579
23.032105
24.467368
23.540000
24.629474
24.815263
22.813684
23.939474
24.912105
25.116842
23.245263
24.091579
23.185263
23.196842
23.063158
22.693158
22.637368
24.075789
22.673684
24.716842
22.900000
24.871053
23.348421
23.885789
22.826842
25.017368
22.656842
23.800526
23.425789
25.307368
24.553158
24.780000
22.974211
25.401579
23.157895
22.982632
22.684211
25.320526
24.591053
24.508947
23.353684
23.742632
24.131579
24.522632
22.921579
25.116842
22.993158
24.161053
23.432632
22.653684
24.530526
22.955789
25.244211
23.346316
22.634211
23.613158
23.973684
23.299474
23.313684
25.346842
25.427368
24.866316
25.340000
25.283158
25.144211
24.499474
25.484737
23.962632
22.948421
24.370000
24.685263
24.555789
22.986842
22.794737
22.817368
23.050000
24.809474
22.897368
22.888421
25.258421
24.865789
25.147368
24.581579
24.792105
24.144737
23.112632
22.997368
22.873684
23.234211
23.482632
23.786316
24.118421
23.476316
23.309474
23.815789
23.444211
24.780000
24.140000
23.173684
22.548421
22.462632
23.003158
22.881579
24.861053
22.457368
22.677368
23.737368
23.096316
22.755263
22.836316
25.436842
23.028947
23.519474
24.837368
23.673158
22.468421
24.427895
25.862105
22.445263
23.064211
22.637895
25.279474
23.980526
22.586842
23.776316
23.246316
23.905263
22.984211
24.998421
24.013158
22.696842
24.515789
24.383684
23.868421
25.342632
25.469474
22.572632
23.257895
24.934737
22.994737
23.405789
24.154737
23.439474
23.917895
22.854737
22.393684
22.780000
25.131053
22.882105
22.997895
23.541053
24.783158
22.674211
24.799474
23.158421
24.373158
23.902105
24.629474
23.461579
22.864737
24.269474
23.290000
25.174211
24.806842
25.087895
24.677368
23.756842
23.510526
23.662632
24.565789
24.118947
24.818421
24.813684
24.447368
24.260526
23.351053
22.648421
22.794211
22.668421
25.192632
23.493158
23.432105
24.681053
24.114737
22.696316
23.529474
25.483684
22.807895
24.964211
24.956316
23.182105
23.364737
25.221053
22.631053
23.491579
23.276316
23.154211
23.149474
24.463684
23.276316
25.146316
23.503684
23.593158
25.283158
23.988947
25.084737
24.847895
24.564737
22.669474
24.507368
22.674211
23.697368
23.079474
23.795263
22.873158
23.162632
22.484737
24.710526
25.450526
23.047368
23.701579
23.018421
23.268947
23.197368
22.966316
23.272632
25.047368
22.598947
25.090000
23.318947
22.929474
22.708947
23.077368
23.160526
23.405789
25.524211
25.331053
24.427368
24.101053
24.507368
24.080526
24.424737
25.260526
24.471053
22.913684
24.099474
24.170000
22.841579
23.441579
23.264737
22.735263
25.125263
24.801579
22.623158
23.188421
23.134211
23.196842
24.623158
25.714737
23.475789
23.935789
22.960526
23.541053
22.783158
24.324211
25.161053
23.147895
22.842632
23.402105
25.133158
23.800526
22.580000
22.572105
25.143684
25.132632
24.043684
23.262632
24.827895
25.137895
23.552105
23.485263
24.925789
25.497368
24.511579
22.508947
25.158947
23.786316
23.411579
24.313684
23.316842
23.532632
22.796316
23.891579
24.163158
24.825263
23.677368
24.045789
25.125263
23.605789
25.717368
24.840526
25.266842
24.455789
23.007368
24.982632
23.368421
24.346316
23.039474
24.711579
23.735789
24.908421
22.846316
25.703158
24.087368
25.538947
25.287895
24.602105
22.797368
23.130526
23.275789
23.656842
23.672105
25.586842
24.567895
24.838421
24.030000
23.660000
23.983684
23.358947
24.002105
22.897895
25.425263
22.741579
24.011053
22.750000
23.840000
24.319474
24.271053
23.253158
23.344737
25.600000
24.368421
25.147368
23.094211
23.819474
23.021579
23.843158
22.697895
24.391579
24.797368
23.901579
24.535263
23.050000
24.136316
24.075789
24.877895
24.393158
24.777368
23.193158
24.821053
25.256842
24.821579
22.810526
23.903158
23.104737
24.814737
23.741053
24.565263
23.055263
25.022105
25.576316
23.943158
22.688947
24.438421
23.413684
24.217895
25.267368
22.902105
24.960000
23.258947
23.065263
22.819474
22.945789
24.731579
23.163158
25.296316
23.067895
23.622632
24.261579
24.595263
23.974737
25.022105
24.563684
24.351053
23.008421
24.525789
23.378421
24.471053
23.168947
24.865789
22.736842
24.452105
26.022632
24.514737
24.137368
22.712105
24.295263
23.394737
22.978947
24.557368
23.123684
24.014737
25.078421
22.693684
24.453684
23.328947
23.440526
24.868421
24.883684
25.185263
26.012632
23.134737
23.567368
23.526842
25.065263
23.273684
23.670000
22.828947
23.784211
24.892105
22.662105
23.888947
23.915789
23.259474
24.998421
23.022105
23.518947
22.977895
24.528947
24.844211
22.743684
25.118947
23.080000
23.317895
23.060526
23.682105
23.008947
22.956316
23.545263
23.020526
24.544211
23.229474
25.392632
23.316316
24.398421
24.785263
23.795789
24.146316
23.701579
23.075263
23.453158
23.316316
24.911579
24.921579
23.431053
24.545263
23.164737
22.994211
24.675789
22.802632
23.196842
23.675789
22.964737
24.344211
23.112632
24.281053
23.709474
24.962632
24.885263
24.516316
22.407368
23.141053
25.500526
24.924737
24.788421
24.198421
23.420000
24.468421
23.856316
23.024737
24.528947
22.420000
23.547368
22.856842
25.685789
23.199474
23.221579
22.977368
25.207368
25.040526
24.308421
25.706842
26.071053
23.722105
23.122632
24.576316
22.995789
25.315263
24.714211
24.720000
22.793158
24.470000
25.441579
22.703158
25.004737
23.067368
25.241053
24.784211
23.963684
23.948421
23.520000
24.413684
23.372105
22.942105
24.543684
23.582105
23.614211
23.506316
24.067368
25.491053
22.641579
22.647895
24.468947
25.338947
24.664737
25.563158
23.889474
23.615263
24.227895
25.650000
24.986842
24.852105
25.007368
24.889474
24.021579
23.246316
23.834737
23.929474
24.308947
23.712105
23.033158
23.800000
22.813158
25.325263
23.804211
22.970526
24.702105
23.149474
23.065789
24.115263
23.802105
23.173158
24.780000
24.733158
23.632105
25.041579
23.436316
24.215789
24.261579
22.651053
23.061579
24.490526
25.719474
24.322105
24.844211
25.552105
24.551053
24.518421
24.836316
25.470526
26.047895
22.807368
23.045789
25.350526
24.578421
24.015263
22.947368
23.833158
23.208421
24.228947
24.540526
23.513158
24.677368
22.755789
24.427895
23.432632
23.942105
23.194211
25.154211
23.870526
22.475789
25.069474
23.418421
24.495263
25.203158
22.611579
23.932632
22.637895
23.187368
22.781053
22.623158
24.227895
24.934211
22.867368
23.383158
23.151053
24.996842
22.734737
23.563158
23.778947
22.677895
23.442632
22.924737
23.444211
23.048947
22.612632
23.221053
25.117368
23.714211
22.733158
25.398421
23.355263
23.378421
25.694737
23.687368
24.595789
23.485789
23.872632
22.715263
24.811053
22.810000
23.496842
25.582105
23.373684
23.818947
24.696316
24.433158
24.929474
23.288421
23.280000
23.871579
22.787368
23.169474
24.317368
22.880526
23.500000
23.425789
24.519474
23.838421
24.606842
24.135789
23.645263
23.241053
23.876842
24.806316
25.420000
23.846316
23.962105
22.505789
24.321053
25.114211
24.053158
23.769474
25.026842
23.139474
25.144737
23.403158
25.430000
22.980000
25.335789
23.206316
24.842632
25.105263
24.757368
22.853158
24.192105
23.414737
23.192632
23.848421
23.923158
24.118421
24.353684
23.220000
25.294211
23.463684
25.915263
23.747895
23.277368
23.394211
25.362105
23.138421
23.452632
24.406316
23.367895
24.677895
25.085263
22.714737
25.159474
25.283158
25.235789
24.347368
24.430000
23.484211
23.913158
22.785789
25.790526
25.819474
25.098421
24.783158
23.900000
23.085789
24.094737
23.491053
24.557368
24.767895
24.301579
25.618947
24.441053
24.897368
23.391579
23.400526
24.701053
22.796316
23.375789
22.953684
22.980000
23.289474
25.032105
25.536842
23.054737
23.819474
22.660526
23.153158
25.227895
23.396316
24.962105
23.066316
24.595789
23.529474
25.160526
23.217368
24.374211
25.368421
25.355263
25.521579
23.670000
23.887895
22.750000
22.880000
23.294737
24.021053
23.214737
23.025789
23.274211
22.698947
24.940000
23.562632
25.283158
23.875789
23.014737
23.823158
23.158947
24.699474
22.589474
23.218947
23.830000
25.031053
23.921053
25.140526
22.847368
24.713158
23.016842
23.556842
23.400000
22.500000
22.660526
25.500000
23.490000
25.098421
24.202632
23.043158
24.133158
23.471053
24.493684
22.962632
23.152632
22.763684
24.157895
24.501053
22.999474
24.354737
23.160000
23.739474
25.854211
23.084737
23.740000
24.102105
25.078421
24.868421
24.419474
25.528421
24.726316
23.477895
25.314211
25.067895
23.601579
22.919474
22.842105
25.561579
23.489474
25.346316
22.564737
25.624211
25.564737
24.995263
23.042105
25.580526
25.340526
22.621053
22.472632
22.720526
24.988947
22.674737
25.540526
22.815263
25.861579
25.618947
24.685789
24.398421
24.957895
23.663158
23.583684
23.575263
25.387368
24.396842
22.733158
22.660000
24.037895
25.213684
22.854737
24.977368
25.200000
23.693684
25.527895
25.623158
24.746316
23.303158
23.655263
22.911579
25.294211
24.526842
23.815789
23.663684
23.497895
22.698421
23.200526
22.655789
23.787895
25.384211
24.715789
23.476316
24.906316
25.338947
23.365263
22.995789
23.542632
22.676316
25.712632
24.373684
23.627895
24.402632
23.332105
22.646316
23.476316
24.863684
24.821579
24.690526
23.011053
24.428421
23.277895
23.002105
24.538947
25.091579
22.638947
24.600000
23.091053
23.304211
23.384737
22.984737
25.245263
24.707368
24.993158
24.527368
22.517368
24.820526
22.510000
23.185263
23.203158
23.742105
23.273158
25.603158
24.209474
22.908421
22.971579
23.350526
24.325789
23.188421
24.535263
23.107895
24.456842
23.100526
23.575263
23.836316
22.652105
22.687895
23.292632
22.630000
23.091053
22.962632
23.912632
23.325263
22.944211
23.611053
25.146316
25.185263
24.434737
24.189474
22.653684
23.641053
23.343684
23.660526
25.655263
23.858947
24.087368
25.475263
23.416316
23.662105
25.577895
23.318947
24.300000
23.934737
22.666316
24.650000
22.664211
22.506842
23.686842
23.322105
23.074211
23.208421
23.208421
24.620526
22.876316
23.599474
24.200000
23.616842
23.847368
23.533158
22.942105
25.282105
23.595789
23.281579
23.719474
24.301579
23.627368
24.292105
25.256316
22.398947
25.530526
23.508947
23.171579
23.086316
23.502632
24.720526
24.006842
24.657368
24.685263
25.001053
22.436316
24.504211
24.194211
24.060000
22.885789
25.540000
23.047368
22.521053
23.482632
22.484211
23.250000
24.793158
25.244737
24.626842
23.997895
23.684211
25.104737
24.538947
23.300000
23.010000
23.687895
23.666842
22.670000
23.225789
25.502632
23.451579
24.847895
24.264737
23.466842
24.178947
23.642632
23.143684
24.677895
22.827895
25.405789
22.464211
23.288421
23.050526
23.078947
22.996842
23.491053
22.605263
23.925263
23.160000
26.045789
24.466316
23.572632
24.004211
23.285789
24.701579
24.961053
24.673684
22.990526
23.180526
24.277368
24.638947
22.724737
23.360000
24.946842
24.977895
24.946842
24.068421
24.447368
24.866316
23.393684
23.632632
25.664737
24.703684
23.308421
22.942105
23.408421
22.836316
24.563158
24.460000
25.668947
25.058947
24.440000
24.927895
22.843158
25.782105
24.799474
23.843684
25.180526
24.361579
23.226316
24.537895
23.759474
24.530000
24.622632
22.956842
23.430526
24.341053
24.404737
22.888421
24.960526
25.807368
24.729474
22.891053
25.265789
23.194737
25.001053
24.058421
24.999474
22.928421
23.944211
24.652632
24.666842
22.805789
23.534737
22.857895
23.779474
23.184737
22.673684
23.734211
22.526316
22.994211
22.976842
25.453158
24.361579
23.409474
24.458947
24.254737
23.397895
24.781053
25.157368
24.497368
24.434211
23.525789
24.778947
24.677368
23.283158
25.884737
23.016316
22.937895
23.524211
23.668421
23.730526
23.210000
22.924211
22.856316
23.398421
22.805789
23.420526
23.173158
25.735789
24.673684
22.592105
22.925789
25.072105
24.656316
22.951579
24.795263
26.065263
24.066316
22.877368
22.693684
25.495789
23.391053
23.347895
24.815263
22.747368
24.738947
24.486316
25.786842
23.305789
24.895263
23.576316
23.174211
22.961579
25.036842
23.627895
24.520526
23.180526
23.465789
24.923158
25.768421
23.686842
22.772105
22.876842
25.387368
23.688421
24.327368
23.070000
24.431579
23.192105
24.402632
23.119474
24.874737
24.602632
22.690000
25.345263
24.408947
24.803158
25.106316
24.332632
24.320000
25.532105
22.929474
22.919474
23.584211
24.377895
23.421053
23.074737
24.874211
24.158947
24.031053
24.387895
25.270526
23.389474
23.617368
25.477895
24.080526
25.732632
24.610526
23.187895
22.846842
23.005789
24.008947
23.506316
24.596316
24.279474
25.168947
23.218421
24.453684
25.265263
25.055789
22.728421
24.760000
23.361053
22.540526
25.003684
23.763158
24.892105
23.915789
23.807368
24.702105
23.816842
24.431053
22.695263
24.812632
23.060000
23.222105
23.048421
24.570000
24.107368
24.055263
22.653158
22.732632
22.549474
22.970000
22.814737
23.350000
22.724737
25.117368
23.688947
23.461053
25.025789
23.170000
25.450526
23.573158
23.456842
23.946842
24.287368
24.621579
22.971579
24.535263
23.122632
25.222105
24.593684
23.078947
22.405789
25.382105
23.989474
23.092105
23.468421
23.701579
23.862632
22.772632
23.184737
23.632105
23.278947
23.193684
24.560000
24.528947
22.754211
25.295789
25.369474
25.038947
25.811053
22.892105
23.716842
22.960000
24.478421
23.126316
22.403158
25.089474
22.743684
23.117895
23.590526
23.103684
23.730526
23.618421
24.415789
24.321579
23.307368
22.833684
24.341053
22.616316
23.251579
22.657368
24.313684
23.551579
23.251579
24.951579
25.052632
24.199474
25.521053
22.788421
23.662105
24.240000
24.561579
22.813158
22.959474
23.162105
23.557368
25.791053
23.262632
24.305263
24.738947
23.895789
24.111579
23.365263
24.562105
24.951053
22.920000
25.588421
24.520526
24.461579
25.154737
23.212632
23.858421
23.973684
24.292632
24.990000
25.338947
24.886316
25.260000
24.988947
25.003158
22.712632
25.092105
23.396842
25.141579
25.123158
24.136316
24.138421
23.488421
24.458947
23.354211
24.993684
23.680526
22.871053
24.316316
24.006316
23.607368
23.192105
23.313684
23.585789
23.077368
22.629474
23.606316
25.317368
25.185789
24.998421
22.701579
23.187368
22.885263
22.740000
24.655263
23.505789
23.455263
24.091579
23.935789
25.288947
22.922105
22.490000
22.890000
25.188421
24.654211
23.572632
22.716842
24.514737
24.782105
24.256316
24.415263
24.983684
24.752105
25.220000
22.615789
23.189474
24.149474
22.812632
25.583158
22.934737
23.066316
23.832632
23.238421
24.643158
22.984211
24.636316
23.244211
24.720526
23.616842
23.407368
25.265789
23.704211
24.400000
23.586842
23.138421
23.125263
23.219474
23.129474
22.814211
22.919474
24.693158
24.102105
24.664737
23.113684
23.683684
23.634737
24.214211
22.500526
23.734737
24.409474
22.411579
22.523684
22.966316
23.188947
22.784737
22.906842
22.752105
22.928421
23.485789
24.972105
23.427368
22.466316
25.220000
25.484737
24.787895
25.000526
22.495263
23.541579
24.594211
23.255263
22.642105
25.194211
23.558947
22.884211
25.226316
24.748421
25.362105
23.833684
22.814211
24.233158
25.897895
24.941579
25.430000
25.299474
23.368421
23.601579
25.557895
23.001579
23.071579
24.552105
24.926316
22.926316
25.466316
25.366316
24.451579
22.840526
23.499474
22.701579
25.096842
24.457895
23.592105
24.389474
24.756316
23.665789
23.231579
24.979474
24.190000
22.750526
23.311579
24.518421
23.164211
24.338947
23.764211
22.714211
23.065789
24.328947
24.365263
25.300526
25.089474
25.245263
25.851053
23.684737
23.257895
23.184211
22.968421
24.648947
24.035789
25.114737
24.347368
24.645789
24.381053
25.086316
25.038947
24.664737
23.512632
23.998421
22.713158
24.546316
24.201579
24.698421
26.020526
24.938947
23.756842
24.266842
23.503684
24.722632
24.757368
24.938947
24.141579
24.513158
25.030526
22.573684
25.251579
22.467368
23.293684
24.452632
22.895789
25.657368
24.212105
24.484211
25.227368
25.090526
23.262632
24.220526
24.352105
23.530000
24.109474
23.236842
23.464211
23.144737
24.465789
23.288947
23.921579
23.038421
22.945263
23.440526
23.531579
22.406316
24.940526
23.242632
25.691053
24.464211
24.771579
23.882105
24.204737
24.772105
24.755789
25.574737
24.553158
24.831053
25.012632
23.009474
23.467368
22.955263
23.517895
25.323684
22.651053
22.902632
24.751053
22.655789
23.479474
23.435789
23.103158
22.590000
22.897368
22.656316
24.639474
22.805263
22.915789
22.952105
24.191579
25.196316
24.814211
24.336842
24.190526
22.936316
22.901579
22.883158
23.715789
23.258947
22.674737
24.296842
22.921579
25.422632
23.013684
23.560526
23.391579
24.408947
23.198947
23.777368
24.865789
24.856316
23.534211
22.697895
24.705789
23.099474
23.364737
23.005263
23.529474
24.507895
25.011053
25.238421
25.212105
22.875789
23.596316
24.882632
23.527895
24.349474
22.910000
24.514737
25.343158
25.599474
24.977368
25.223158
22.812105
23.191579
23.371053
24.794211
23.712105
23.067895
24.094737
22.449474
22.802632
23.574737
24.091579
23.302105
23.077368
24.909474
24.044211
22.876316
24.789474
22.983158
25.164737
23.780000
24.835263
24.526842
25.488947
22.630000
24.536842
24.032105
22.664737
24.600526
22.803684
25.473684
24.300000
25.378421
22.479474
25.721053
25.078947
23.168421
24.436842
25.255789
22.666316
22.970000
25.832105
23.581053
24.470000
24.140000
24.236316
25.340000
25.340000
23.232105
25.371053
24.796316
25.284737
24.009474
22.666842
23.228947
23.299474
24.009474
23.242105
23.590526
24.728947
22.433684
25.257368
25.498421
24.580000
23.778421
22.796842
24.786842
22.828947
24.698421
23.548421
22.704737
23.133684
23.402105
24.208421
25.304737
23.092632
23.703684
22.521579
24.129474
23.214211
22.472105
22.624211
25.656842
22.925789
23.376316
23.463158
22.553684
23.626842
23.275263
25.518947
23.770526
23.238947
22.660000
23.850000
23.786842
23.917368
24.598421
23.371053
23.547895
23.489474
22.659474
23.408421
23.886316
22.426316
25.034737
23.176316
25.099474
23.819474
22.852632
22.804211
23.047895
24.793684
23.682105
25.265789
23.751579
25.427368
24.863684
23.996842
23.966842
25.503684
25.291579
24.480526
23.067368
25.287895
25.650526
23.260000
22.990526
23.992632
24.167368
24.223158
22.494211
24.481053
22.471579
23.264211
22.661579
23.892105
24.875263
23.813684
23.185263
23.804737
23.283684
23.031053
23.566842
25.193684
23.147368
23.170526
24.511579
25.365789
24.171053
23.136316
24.271579
22.690526
25.024737
25.633158
22.893684
24.526316
24.080526
25.443684
24.382632
23.032632
24.342632
25.586316
24.632632
23.747368
24.045789
23.949474
24.044211
23.900526
22.975263
23.143684
23.058421
23.036842
22.769474
22.777368
24.382105
22.529474
22.649474
24.719474
23.686316
23.760000
22.905789
25.140526
23.527368
25.566316
23.258421
22.691579
24.516842
23.108421
24.643158
22.802632
22.808947
22.701053
22.628421
23.843158
22.949474
22.571053
24.496316
24.090526
24.198947
23.993684
23.377368
23.604737
25.412105
23.712105
24.831579
23.921579
23.361579
24.495263
23.736842
25.607895
23.189474
24.196316
25.757895
24.771579
23.959474
23.330000
24.638421
24.375263
25.073684
23.563684
24.477895
22.593158
24.400526
23.857368
23.620526
23.221579
23.204211
23.388421
23.915789
22.497368
24.876316
24.802105
23.413158
23.064737
23.533684
22.778421
22.773158
24.497895
22.974211
24.910526
23.216842
24.645789
24.933158
25.244737
24.778947
24.205263
24.466316
24.335263
24.934737
24.756316
22.814211
25.263684
22.914737
23.140526
22.772632
24.495789
23.339474
22.576842
25.388421
25.365789
24.675263
25.300526
24.941053
22.747895
24.676842
24.839474
22.685263
24.738421
24.555789
25.462632
22.756842
23.934211
24.336842
22.892105
25.025789
22.397368
23.515789
22.697895
24.576316
23.537368
23.053158
23.011579
22.962632
23.130526
24.968421
23.302632
22.886842
23.275263
23.233158
23.365789
23.522632
24.897895
23.623684
25.648947
24.265789
25.710526
24.242632
24.872105
25.524737
22.386316
22.829474
23.671053
22.761579
23.569474
23.392632
23.677895
23.350526
22.694211
24.676842
22.447368
25.407368
25.132105
22.590000
22.662632
23.930000
22.817895
25.244211
22.795263
24.580526
22.826842
24.331053
24.712632
23.327368
23.064737
24.331579
22.651579
23.212105
24.923684
23.681053
23.660000
23.072632
23.698421
23.388947
24.520526
22.613684
23.308947
23.603158
24.616842
24.430526
24.527368
22.807895
23.522632
23.053158
23.452105
23.402632
24.331579
23.894211
25.030526
24.562632
24.581053
23.013684
23.042632
24.470000
23.018421
24.856316
24.314211
23.773684
23.255789
22.991053
22.886842
24.924211
24.948947
24.833684
23.476316
24.857895
23.848947
22.668947
23.979474
23.183158
23.030526
23.487368
24.293684
25.447368
24.512632
23.720526
22.562632
24.457895
23.662632
24.074211
25.556316
24.812105
23.527368
24.822105
24.951053
23.831579
22.982632
24.451053
23.504737
24.590000
24.130000
23.015263
24.028421
24.477368
24.852105
23.616316
23.100526
23.568947
24.255789
23.643158
24.162632
24.488947
24.415263
23.974737
23.041053
24.910000
23.111053
23.842105
23.330526
22.521579
24.660526
24.568421
22.657895
23.244737
23.227368
23.992632
24.512632
23.828947
24.278421
24.421053
23.894211
22.813158
22.710526
23.227368
24.418947
24.889474
22.732632
24.541579
25.901053
22.974211
25.322632
23.970526
22.751579
23.446842
24.044211
25.480000
23.210000
22.455789
24.647368
23.809474
23.188421
25.262105
23.511053
22.946842
23.743684
23.589474
25.057895
24.590526
23.651579
23.743684
23.452632
24.840000
22.651579
22.793684
23.078947
24.336316
23.448421
24.253158
25.349474
22.573158
23.908421
23.481579
23.080526
24.711579
23.405263
23.307895
22.842632
25.242632
25.246316
25.232632
25.200526
23.009474
24.013158
23.508947
23.907895
23.244737
24.220526
23.213158
22.439474
23.042632
24.930526
22.734737
23.432632
22.963684
22.478947
25.278421
22.640000
22.792632
24.564211
23.292632
24.990000
22.786316
24.214211
23.342105
23.068947
22.563684
25.058947
23.354211
22.885789
25.166316
22.846842
23.279474
23.529474
23.070526
24.411579
23.565263
25.787368
22.899474
22.828947
24.518947
24.685263
23.418421
25.628421
23.573158
25.135263
23.644737
22.575789
23.115263
24.853684
23.397895
23.206842
25.408947
23.310526
23.208421
23.544211
23.245789
23.581053
23.472632
24.643684
22.740526
23.121053
23.497368
23.386316
24.661579
25.720526
24.120526
22.617368
23.611053
22.997368
24.579474
24.203158
23.217368
22.646842
23.887368
23.533684
23.823158
23.513684
23.624737
23.469474
23.531053
23.534737
24.918947
22.791579
25.435263
23.733158
23.581053
23.043158
23.440526
25.283684
24.414737
23.739474
22.747368
25.742105
25.190000
25.115789
25.026842
22.721053
22.567895
24.770000
24.894211
23.291579
22.415263
25.524737
22.916316
23.160526
22.785263
24.088421
23.140526
23.599474
26.044211
22.660000
24.946316
23.453158
24.973158
24.395789
22.734737
24.070000
23.185263
23.622632
22.695789
23.422632
25.454211
24.384211
23.882632
24.567368
23.003684
22.682105
23.718421
23.656842
24.165789
23.614211
25.267368
24.507368
23.426316
24.697368
25.430526
24.260526
24.342105
23.081579
22.912632
24.745789
24.342632
23.251053
23.730000
22.650526
24.826842
24.627368
24.435263
24.429474
23.823684
24.028947
23.574737
23.132105
24.665263
25.015263
22.704737
24.481053
24.422632
23.121053
24.541579
23.570000
23.382105
23.139474
22.836842
25.227368
23.897895
23.197895
22.673684
23.152632
24.784211
23.968947
23.613158
23.944211
22.877895
22.868421
22.812632
25.132632
23.663158
24.513684
23.413158
24.222105
25.943158
23.373158
23.246316
23.371579
22.864737
24.330000
22.610000
22.780000
24.913684
23.021053
23.441579
22.995263
23.183684
24.415263
22.466842
23.291053
22.736316
25.226842
23.236316
22.697895
24.630526
24.563158
25.032105
22.804737
22.785789
23.329474
24.971053
24.564211
22.993684
22.451579
24.698947
24.757368
24.453158
23.300000
24.171579
24.557895
23.704211
25.605263
23.225263
24.321579
24.360000
22.875789
23.374211
24.608947
24.911053
23.854737
23.904737
23.973158
23.078421
24.275263
25.481053
23.613684
23.081053
23.530000
24.568947
23.566842
24.505263
22.895263
23.984211
24.851579
24.313684
24.330526
23.286316
23.097368
22.761053
24.766842
23.853684
25.311579
24.660526
22.655789
24.529474
23.670526
25.526842
22.963158
24.437368
23.877368
24.344211
24.486842
24.456316
22.786316
23.544211
24.742632
23.019474
23.404737
24.072105
22.452632
24.395263
23.090526
23.860000
23.345789
24.673684
24.493158
23.114737
23.862105
23.021579
24.465263
22.925263
23.081579
25.160000
23.285263
23.456316
23.831053
25.142632
23.449474
24.053158
24.594737
22.878947
22.950526
24.586316
23.852632
24.594737
23.401579
23.143158
23.146316
22.934737
23.782632
22.854211
23.245263
24.932632
24.237368
24.341579
23.270526
25.288947
23.321579
25.435263
23.755263
24.274211
23.365263
24.440526
22.773158
23.679474
25.131579
22.808947
22.894211
24.619474
25.449474
22.920000
24.571579
23.824211
24.632105
24.851053
24.742632
24.130000
22.791053
23.398421
23.127895
23.214737
24.003158
23.473684
23.322632
22.663684
24.616316
24.748947
22.764737
23.367368
22.832105
22.641053
23.470000
22.935789
23.603158
22.958421
24.144737
23.030000
22.674737
24.570000
23.866316
24.739474
24.143158
22.513684
25.068947
22.653158
24.493158
24.389474
25.331579
25.305263
22.659474
24.570000
23.120000
23.424737
25.393158
24.714737
24.986842
23.112632
24.456316
23.654737
23.306842
23.065263
23.630526
25.234211
24.778947
23.170000
22.660526
24.714211
25.057895
24.662105
23.497895
22.603684
23.527895
23.344211
23.882632
22.891579
22.988947
24.091579
22.606316
22.778947
22.588421
23.674211
22.981579
24.467368
23.455789
24.235789
22.964211
23.074737
23.431053
22.929474
22.894211
25.352105
23.752105
23.478947
24.989474
24.491053
24.461053
22.890000
23.870526
24.534211
24.282105
25.579474
23.355263
24.684211
22.738421
24.488421
23.933684
23.914211
24.474211
23.028947
23.264211
24.811579
24.322632
25.302105
24.546842
24.961579
22.986842
24.049474
23.016316
23.196842
24.451579
25.955789
24.651053
24.296316
24.512105
23.310526
24.110526
23.185789
23.334211
23.580526
24.411053
25.200000
23.844737
23.806842
22.907895
23.188421
23.954211
23.263158
23.415789
23.205263
22.955789
23.050526
23.030526
24.163158
25.815789
22.776316
24.217895
23.966842
22.750000
24.821053
24.036842
22.944737
25.623158
22.923158
24.652632
23.410526
22.905263
23.832632
24.312632
23.403158
24.372105
22.875789
23.482105
24.717368
24.485789
24.016842
23.362632
24.304211
25.265789
25.153158
24.078947
23.964211
24.445263
23.529474
25.545263
24.118947
23.397368
23.542105
22.650000
23.894211
24.047895
25.364737
25.673158
22.667895
24.232632
24.266316
24.695263
23.662632
25.121053
23.967368
23.978421
25.318421
22.893158
23.697368
24.079474
22.577895
23.818421
24.346316
24.452632
23.057368
24.987895
24.818947
23.736316
25.038421
23.132105
24.554211
22.623158
23.210526
23.310526
24.572105
24.516316
23.166842
23.851579
23.265263
23.965263
24.001053
24.457895
25.713684
24.627895
24.424737
24.476842
24.172105
23.528421
24.131579
23.750526
25.054737
24.994737
24.881579
23.393684
25.112632
23.545789
23.415789
23.826316
23.417368
25.452105
24.948947
24.058947
23.597368
24.985263
24.069474
24.650526
24.516842
23.356842
23.350526
24.014737
24.395263
24.941053
24.158421
23.648947
23.852105
22.842632
24.621579
25.317368
23.598421
23.085263
24.841579
23.375263
23.545263
24.588421
23.052632
23.129474
24.655263
23.270000
22.764211
25.647368
25.006842
24.624737
24.098947
22.802105
23.969474
23.218947
24.700000
24.234737
23.468947
24.434211
22.915263
24.401053
23.891579
25.485263
24.450000
22.848421
24.124211
24.562632
24.245263
23.282632
23.791053
25.145263
24.143684
23.172632
22.810000
22.525263
24.625789
23.020000
22.804737
24.696316
24.952105
23.605263
22.802105
22.994211
25.594737
24.057895
23.983684
23.227895
23.013684
24.430000
23.361579
22.507895
25.167895
22.671053
22.724737
23.051579
22.793158
23.913684
23.643684
24.029474
23.514211
25.181579
23.338947
24.405789
23.248947
25.507368
24.796316
23.494737
23.154737
24.336842
23.713158
23.193158
23.277895
22.742632
24.731579
24.002105
23.034211
25.327895
22.866842
24.688421
22.641579
25.497368
23.404737
22.416316
24.420526
25.221579
25.418947
25.057368
22.725789
24.506842
24.422632
23.412105
22.697368
23.356842
25.251579
23.181053
24.420526
24.671053
23.643158
23.018421
23.125789
22.888947
22.933684
22.929474
25.295789
25.597895
23.128421
24.500000
23.491579
22.783684
23.338421
25.177368
24.221579
24.428421
22.959474
23.171579
24.898947
22.951053
23.264737
24.590000
23.226842
24.361053
23.174737
24.821053
25.771579
25.582632
22.595789
23.595789
22.847895
23.140000
25.395789
22.922632
23.387368
22.613684
24.425263
23.230000
22.524211
24.716316
24.758421
25.598421
23.638421
23.162632
25.046316
24.576842
24.210526
25.207895
22.932632
23.302632
25.410526
23.277368
23.449474
25.091053
23.371579
23.103158
22.898947
23.700526
22.896842
23.834211
24.066316
23.427368
23.906842
25.244737
23.437895
23.186316
24.365263
25.175789
23.202105
23.191053
23.370000
25.228947
24.918947
22.742632
24.252632
24.372632
23.350526
24.371579
25.641579
25.685263
23.740000
25.478421
24.182105
24.205789
23.160526
22.702632
25.726842
24.002105
25.293684
22.723158
22.969474
24.605263
24.677895
23.273684
23.172632
22.873684
25.218421
22.661579
22.850000
24.305789
24.505263
23.794211
24.066316
24.868947
23.741579
24.546842
23.542105
23.576842
23.967895
23.182105
24.693158
25.635263
24.875789
22.868947
23.364211
24.732632
25.410000
24.984737
24.755263
23.490526
23.001579
23.294737
23.767368
23.380526
23.633684
23.317368
23.674737
22.832105
22.767895
22.956316
23.211053
23.603158
22.932105
23.696842
24.565789
23.907895
23.128947
24.414737
23.460526
25.133684
24.097368
24.934737
25.556316
25.198947
24.166316
22.720000
24.811579
23.252632
22.448421
23.990000
23.712632
24.033684
22.187895
22.930000
22.783684
24.978421
23.321053
24.104737
23.673684
24.437895
23.187368
23.792632
23.165789
24.220000
23.637368
23.953158
23.687895
23.612632
24.610526
23.435263
22.842632
23.738421
23.351579
23.715789
25.440000
25.163158
23.915263
23.929474
22.839474
25.443684
24.057368
23.190526
25.333684
23.300526
24.188947
24.748421
25.317368
23.758947
23.694211
24.008421
25.067368
24.811579
22.847368
22.979474
23.664737
23.977895
23.438947
25.214737
24.081579
24.806316
22.960000
24.394737
24.250526
22.935789
24.411053
25.114737
24.501579
22.646842
24.685263
23.414737
22.621579
23.674737
24.643158
22.701053
25.525263
22.838947
25.211579
24.131053
23.799474
25.201053
23.749474
23.691579
23.255263
24.366316
24.586316
24.084211
24.042632
25.054737
25.003684
25.535789
23.786842
25.441053
24.484211
24.632105
22.384211
22.982632
23.888421
23.081053
24.988947
25.068947
24.591053
24.013158
23.078947
23.150526
25.429474
25.025263
23.314737
24.010526
22.828421
25.137368
23.264211
22.844737
24.092632
24.805263
24.434211
25.112632
24.725789
23.098947
23.402105
25.306842
23.041053
24.258421
23.132632
22.567895
23.386316
23.824737
24.506316
22.752632
23.421053
23.681579
22.614211
24.784737
23.227368
23.297368
24.831579
22.846316
24.454211
23.209474
23.682632
24.920000
24.129474
24.251053
25.131579
23.622105
23.757368
24.018947
24.495789
24.776842
22.679474
25.475263
22.916316
24.596316
22.984211
23.327895
23.096842
22.896316
25.214737
24.441053
22.721053
23.111579
24.614211
23.058947
24.945789
24.282105
22.996842
22.790000
23.624211
23.104737
23.815789
24.703684
23.098421
23.683158
23.206316
22.882105
23.332105
25.421579
24.762632
24.343158
25.615789
24.604211
24.485789
24.191053
23.293684
23.312632
23.474737
24.638947
23.277895
25.480526
23.267368
24.899474
24.042105
24.450526
25.538947
23.660000
25.701053
24.504211
23.301579
22.800526
24.762632
24.144737
23.437368
23.378421
24.481053
23.726842
25.673684
24.238947
24.880000
24.164211
24.194211
25.347895
24.803158
23.695789
25.096316
23.758421
24.250000
23.084211
23.522105
23.466842
24.330526
24.335789
25.172105
23.230000
25.500526
23.159474
22.654737
25.738947
22.948947
22.885789
23.084211
23.078421
23.065789
22.870526
24.529474
23.515263
24.561053
23.310000
23.806316
24.349474
23.489474
22.595263
22.964737
23.528421
24.413684
23.856316
24.918421
24.025789
22.558947
24.444211
24.641579
23.913684
22.781053
24.473684
22.694211
23.143158
23.122105
24.762105
23.697895
23.636316
25.426842
23.074737
24.091579
23.585789
23.150526
24.711053
22.771053
22.427895
24.047895
23.507368
24.641579
24.984737
24.510526
22.858947
24.837895
24.715789
24.486316
23.919474
22.822105
24.373684
24.573158
23.243158
24.774211
23.136842
22.760526
22.814211
24.076316
22.470000
22.871579
25.760526
22.813158
24.996316
24.337895
24.412105
22.914737
23.242105
22.476842
23.539474
24.155789
22.573158
25.542105
23.317895
25.397368
25.183158
23.037368
24.691053
23.200000
24.797895
22.820526
22.740526
23.378421
23.067895
22.843684
23.459474
22.407895
22.981053
24.450526
23.530000
23.222632
25.636316
23.437895
23.169474
24.435263
23.904211
25.511053
23.131053
23.259474
23.445263
22.594211
23.355263
24.371579
25.246842
24.966316
23.016316
24.866842
25.053684
22.868421
23.607895
23.833684
24.326316
23.036842
24.702105
23.805789
23.561579
22.648421
23.398421
22.749474
23.442632
22.939474
23.576842
22.847895
25.213684
23.401579
24.167895
23.695789
23.420526
24.369474
24.328947
25.104737
25.467368
24.653158
23.368947
23.237368
24.197368
23.670526
23.830000
23.590000
23.805789
24.607368
23.111053
23.524737
23.571053
23.397368
22.636316
24.921579
23.556316
22.549474
23.890526
25.106842
24.266316
23.342105
24.590526
25.200526
22.562105
25.018947
23.579474
24.118947
22.835789
24.850000
25.054211
25.863158
23.665789
23.579474
24.650000
23.625263
23.091053
23.404737
22.638947
24.344211
24.565789
24.601579
23.145789
22.947895
23.249474
23.513684
24.929474
23.610526
23.502105
24.061579
23.005789
23.632105
25.572105
22.777895
23.648421
24.220526
24.104211
23.106842
22.769474
24.400000
24.161053
22.805789
24.589474
24.947895
24.343684
24.732632
23.513158
25.308947
25.376842
24.956842
24.621579
24.726842
22.736842
24.315263
23.371579
23.731053
23.231579
22.945263
24.654211
25.066842
23.056842
22.994211
23.324737
25.044737
23.235789
22.474211
24.081053
22.850526
23.504211
24.429474
24.344211
24.280526
23.623158
23.304737
22.676316
23.093158
25.233684
24.413684
25.548947
22.754737
23.355789
22.909474
24.929474
22.983684
23.645263
23.332105
22.785789
23.980526
23.437368
25.495789
23.085263
25.490526
23.145789
23.261579
23.905789
25.222632
23.534737
23.958421
24.607368
22.842632
22.495789
25.669474
23.940000
24.364211
23.697895
25.466842
25.586316
24.053158
22.802632
23.993158
24.808421
22.707368
25.354737
23.558421
23.444211
23.756842
25.815789
23.006842
23.724211
23.284211
23.169474
23.472632
25.596316
25.100526
24.138947
24.198947
24.286316
24.200526
23.891579
23.237368
24.416316
22.833158
23.396316
24.924211
22.827895
25.412105
23.208421
24.873158
22.768421
24.858421
22.746842
25.533158
23.157895
22.648947
23.042632
25.769474
24.919474
23.744211
23.090000
24.454737
25.356316
22.896316
25.714211
23.600000
22.383684
22.905789
22.400526
23.350526
23.463158
23.406316
23.206842
22.895789
25.141053
23.794737
22.938947
23.094737
22.845789
23.516842
24.603158
23.110000
22.942105
23.901053
22.940526
24.056842
22.631053
22.899474
24.631053
23.605789
23.053158
23.717895
24.442105
22.966316
24.178421
23.382105
23.762632
24.696316
23.134211
22.901579
24.604211
25.081579
23.645263
25.042105
23.601579
22.648947
24.809474
25.177368
24.181579
24.015263
24.121579
22.678947
24.846316
23.958947
22.793158
25.499474
23.075789
22.798947
23.632632
24.704211
24.531579
24.578421
24.564737
25.339474
23.712632
24.392632
23.090526
23.412632
24.521053
24.785789
23.388947
23.925789
22.984737
22.973684
24.484211
24.678947
24.388947
25.108947
22.760526
23.913158
22.936316
24.731579
24.771579
25.088947
25.746316
23.630526
24.324211
22.851053
24.584211
25.621053
24.379474
24.402632
24.977368
24.264211
23.070000
24.326842
22.984211
24.675789
23.024737
24.693684
23.434211
23.896316
23.753158
23.051053
24.592105
22.962105
23.992105
22.817368
24.838421
24.221053
24.601053
23.395789
24.485263
24.579474
23.761579
25.770526
22.849474
25.523158
23.236842
23.576842
23.295789
24.439474
22.920526
23.758421
22.720526
24.245789
23.093684
23.661579
23.902105
22.559474
23.838947
22.956316
22.851579
23.328421
24.545789
23.394737
24.444211
24.506316
23.149474
24.805263
23.844737
23.344211
23.258947
22.578947
23.876842
23.069474
23.160000
23.763158
23.797368
23.479474
23.510526
25.231579
24.891579
23.484211
23.315789
23.323684
23.870526
23.866842
24.061579
24.685789
23.100000
23.080000
24.009474
24.290526
24.352105
25.085789
25.023158
23.238947
24.368421
23.613158
25.380000
24.592105
25.113684
23.536842
25.460000
23.531053
23.269474
25.675789
23.545263
22.717895
25.419474
22.968947
23.771579
24.430000
23.342632
22.592105
23.498421
23.355263
23.438421
23.666316
25.644737
22.586842
23.728421
24.636842
22.820000
22.790526
23.533684
24.526316
23.391053
23.254211
23.025263
22.865789
23.490000
25.508421
22.579474
22.564211
24.706842
22.751579
23.287368
25.227368
25.410000
23.197368
22.807368
25.463158
23.315263
23.247895
25.676316
25.024211
24.603684
25.863158
23.118421
23.263158
23.240000
24.516842
24.373684
24.263158
25.306842
23.691579
24.211579
23.294211
25.283158
24.188947
24.253684
24.587368
23.147895
24.435263
24.691053
22.652632
22.985263
24.254737
22.949474
23.866842
25.164737
23.549474
24.136316
22.875789
24.247368
23.723684
24.440526
23.938947
24.523684
25.556316
22.857368
24.293684
25.028947
25.058947
25.276316
23.716316
25.388421
23.517368
22.877368
22.596316
24.237368
23.534737
24.075263
23.506316
23.703158
24.607368
25.750000
23.707368
23.430000
24.865263
23.642632
23.544737
23.437368
25.076316
22.740526
23.857368
22.745789
24.965789
25.161579
24.631579
22.637895
24.022105
24.248947
23.649474
24.016316
22.704211
23.032632
22.939474
23.921053
23.387368
25.149474
24.865789
23.121579
22.842632
22.866842
25.331579
23.380526
22.931579
23.652632
24.271579
24.870526
23.203684
23.417895
24.979474
25.458421
24.718421
24.706316
24.227895
24.740526
23.275263
24.605789
25.007368
24.462632
22.963158
24.686316
22.767368
25.135263
22.942632
23.791053
22.768421
23.263684
23.811053
25.541053
23.218421
23.919474
24.471053
22.819474
25.718421
23.670526
23.932632
24.977895
24.579474
23.712105
24.017368
22.895789
23.021053
23.302632
23.352105
24.028421
22.725789
23.508421
24.310526
23.820000
24.238421
23.595789
25.201053
23.073158
22.421053
24.032105
25.487368
22.880526
24.156316
24.090526
23.151579
22.491053
23.634211
22.377368
22.658421
22.924211
24.523158
24.029474
25.123158
23.751579
23.361053
23.633158
25.095263
23.436842
24.470000
24.833158
23.146842
25.431053
22.604211
23.124211
22.846842
23.955263
23.350526
24.677895
23.886316
24.017895
24.066316
23.894211
25.463158
25.228947
24.582105
24.924211
23.375263
23.336316
22.843684
23.861053
23.344737
23.610000
23.153158
25.137895
24.512632
25.025263
23.024737
23.422632
22.714737
23.178947
22.905789
24.057368
23.408947
24.505789
23.848421
23.247895
24.974737
22.890526
23.693684
25.532632
22.551579
23.342105
23.148947
22.944211
22.934211
24.614737
23.514211
23.166842
24.223684
23.946316
23.208947
25.346842
24.458947
23.834211
24.277368
24.997895
23.945789
24.823158
25.516842
23.626842
23.035263
24.743684
23.257895
23.269474
23.697895
24.061053
23.491053
23.300526
22.432632
23.202632
24.903684
25.573158
23.987368
22.779474
24.767895
24.943684
24.032632
23.301579
24.021053
23.308421
22.888947
23.155789
22.808421
23.126316
22.434211
22.827368
22.866842
22.797368
22.643684
24.671579
25.767895
24.373158
24.207368
24.183158
25.727368
24.405789
22.732105
23.874737
22.881053
23.271579
25.022105
23.068947
25.240000
25.681053
24.207895
22.665789
24.288947
24.216316
23.442105
23.263158
23.752632
23.014211
24.904737
23.162632
23.258421
25.255263
22.998421
23.272632
25.359474
24.682632
22.855789
24.659474
23.226842
24.144211
23.851053
24.320526
23.043684
25.067368
25.440000
25.401053
23.076842
24.547368
24.158421
25.147368
24.973158
24.404737
22.503158
23.503684
25.795263
23.082632
23.583158
24.373684
23.333684
24.421579
23.356842
25.062105
23.645789
24.702105
22.684211
23.657895
25.038421
23.174211
24.923158
24.828947
24.590000
23.052105
23.508947
25.391053
22.957368
22.696316
23.197895
24.322632
22.772105
26.063684
23.210526
24.603684
23.854737
25.161579
22.456316
22.967895
23.197368
22.876316
24.513158
25.345263
25.535263
22.850000
23.077895
24.555789
24.655789
23.186842
24.291579
25.033684
23.092105
23.115263
22.905789
23.392632
22.430526
24.876316
23.237368
24.230526
24.385789
23.859474
25.000526
23.158421
23.237895
22.445789
22.818421
23.646316
23.057895
24.076316
23.153158
22.837895
25.046842
24.657895
24.058421
23.570000
23.449474
23.210000
24.700526
23.094737
24.394737
23.046316
23.518947
22.955789
23.191579
24.199474
24.524737
23.357368
25.422632
24.593684
22.936316
24.952105
23.695263
23.074737
22.773684
22.733158
24.786842
22.789474
23.318947
22.871579
22.572632
24.360000
22.908947
23.531053
24.711579
23.344211
24.869474
24.996316
24.134737
24.785263
23.708421
22.976316
23.363158
23.143158
25.238421
22.681053
22.838947
23.683158
23.534737
24.673684
23.701579
23.251579
25.943684
22.985263
24.669474
23.843684
22.860526
23.262632
23.478421
24.058947
24.087895
23.308947
23.450526
24.218421
25.557895
24.677368
25.146316
25.024211
24.848421
24.270526
22.698947
23.172632
22.575263
22.988421
23.587895
23.479474
25.090526
23.275263
22.997368
24.380000
23.504211
23.939474
22.896842
23.224211
22.905789
24.033158
25.274211
23.287895
22.766316
23.451053
24.183158
24.882105
23.156316
24.010526
22.816842
25.006842
23.601579
24.548421
22.431579
23.256842
24.938947
22.845263
23.232105
24.616842
24.727895
24.814211
23.276842
24.999474
23.130000
25.107895
23.339474
23.180000
23.666842
24.354211
23.242632
25.172105
23.290000
23.030000
23.483158
23.892632
23.012632
23.709474
22.428421
23.067368
23.992632
23.165789
25.870526
23.039474
22.851579
24.503684
23.331053
22.763684
24.671053
24.565789
23.605789
25.404737
24.735263
23.678421
24.430526
22.992105
25.377368
24.034211
22.868947
22.635263
25.421053
23.887895
24.345263
23.017368
24.248947
23.796316
22.758421
24.172105
24.615789
23.304211
24.440526
22.737368
22.684737
23.696316
25.292632
24.785789
24.398947
23.001579
23.498947
22.834211
23.475789
22.995789
24.153684
24.966316
23.978947
23.148421
23.022105
23.154737
24.968421
22.761053
23.834737
23.430526
23.687895
24.770000
24.351053
22.544211
22.703684
24.959474
24.200526
23.960526
25.298947
23.542105
25.031053
23.127895
25.723684
24.067895
23.523158
24.935789
23.657368
23.407368
24.225789
23.447368
23.958947
23.122632
23.757895
24.616316
23.896842
22.983684
22.964211
23.770526
22.781053
24.301579
24.151053
24.520000
23.427368
25.308947
23.288421
26.092632
23.561579
23.012632
23.664737
22.532632
23.487895
22.446316
23.758947
25.001053
22.753158
25.567368
23.333158
24.962105
22.906316
23.268421
25.233158
22.683158
24.591579
23.043684
24.562105
24.426842
24.194211
24.647895
23.272632
24.658421
24.213684
25.464211
24.893684
22.493684
24.476316
23.897895
23.202632
24.510526
22.528947
23.411053
23.644211
24.120526
25.606316
23.382105
22.973684
24.878421
22.927368
23.032105
24.563684
25.409474
22.743684
23.905789
23.824211
23.109474
24.474211
25.203684
23.598421
24.906316
24.272632
23.522632
23.026316
25.221053
23.664737
24.402105
24.745789
24.208947
24.578421
24.900000
22.556842
23.094211
24.566842
23.952105
22.499474
23.762632
23.309474
22.815789
22.790526
24.441579
23.342632
24.235263
23.337368
22.906316
24.140526
23.927368
25.712105
22.823158
25.112632
23.918947
22.699474
23.863158
22.763158
23.072632
24.911053
23.782632
24.435263
24.384211
25.006842
22.656842
24.570000
23.308421
22.598947
22.714737
23.399474
23.227895
22.819474
23.225789
22.600526
22.926316
24.778421
25.003158
25.019474
23.387895
24.973158
22.516842
22.776316
23.698947
24.057368
23.681053
22.700526
23.729474
24.147368
23.304211
22.934211
24.129474
24.772632
24.291579
24.508421
23.574211
24.581579
23.000000
25.335789
24.412105
24.054211
23.945789
22.645263
24.052632
25.906316
23.221053
24.221579
23.194737
22.664211
23.090000
23.257895
22.631579
23.210526
23.286316
23.003158
24.830526
23.665789
22.592105
24.352632
25.204211
24.985789
22.790526
23.732632
24.536842
25.482105
23.602632
24.289474
23.421579
23.310000
23.729474
23.710526
23.498947
24.189474
23.373158
24.320526
24.682105
23.106842
24.659474
22.468947
24.884737
23.738421
23.009474
24.723684
22.387368
22.786316
23.728421
24.737895
24.018947
23.374737
22.756842
24.124737
24.638947
23.687895
24.812105
23.786842
22.382632
22.981053
25.694737
22.638947
23.174211
24.442632
23.748421
23.407368
22.517368
23.080000
22.891579
22.727368
23.376842
24.776316
22.778421
22.806316
23.024737
23.057368
24.292632
24.956316
23.364211
25.218947
22.957368
23.951053
23.668421
23.653158
23.043684
24.081053
22.930526
23.860000
23.996316
22.747895
22.609474
24.266316
24.110000
22.802105
23.458947
22.687895
22.709474
23.654211
23.121053
22.849474
25.214737
24.094737
22.934211
24.936316
23.415789
25.019474
25.176316
25.017895
22.696842
23.866842
25.341579
22.982632
25.139474
24.850526
24.677368
22.836316
25.253684
22.924737
23.075263
23.338421
25.158947
23.981053
23.111579
23.601053
25.217895
22.921579
23.438421
24.803684
22.730000
24.415789
24.904737
22.996842
23.881053
22.599474
23.625789
23.199474
24.271053
23.082105
23.523684
22.659474
23.307895
22.735263
23.296842
23.244737
23.237368
23.442105
25.693158
23.306842
23.616316
23.081053
25.225263
23.288421
24.202632
25.620526
25.352632
23.171579
25.317368
22.934211
22.374211
23.718947
24.540000
23.332105
24.901053
24.457895
23.048947
22.485263
25.295263
24.414211
23.760000
24.440000
23.832632
22.946842
22.946842
23.086316
24.500526
23.595789
25.247368
23.144737
24.407895
23.340000
24.746842
23.420526
23.241053
23.554737
22.634737
24.345263
23.415263
24.951053
23.408947
23.312105
24.100526
25.470526
25.282105
25.074211
24.683158
25.052632
23.291053
22.678421
22.645263
22.683158
23.185789
24.875263
24.282632
24.430526
23.485789
23.212632
23.576316
24.434737
24.673684
23.013158
24.250526
23.950000
23.101579
23.576842
22.860000
23.491053
24.201579
22.680000
24.450526
22.964737
24.583158
25.484211
23.895263
22.698421
24.623684
23.286842
24.943158
25.094737
23.523684
22.747368
22.375789
23.884211
23.193684
23.692632
25.034211
23.285789
24.417368
24.708947
25.486842
24.781053
25.197368
24.518947
22.870526
24.955789
25.413158
22.476842
22.637368
24.711579
23.131053
23.499474
25.032105
23.190526
22.675263
23.161053
23.344211
24.004211
22.561579
23.346316
25.152105
25.194211
25.728947
23.776316
22.797895
23.466316
22.552105
24.028947
22.971579
25.316842
24.174211
25.314737
24.571053
24.389474
23.163684
23.781053
23.925789
22.853684
24.545263
23.857895
24.371053
22.544737
24.687368
25.007368
24.552105
22.574737
22.812632
23.145263
25.772632
24.657368
24.250000
23.964737
23.962632
23.047368
23.488947
25.737895
23.127368
22.593158
23.247895
24.457895
23.354211
22.778421
25.266316
23.415789
23.856842
24.863158
23.302632
23.833684
22.734737
24.961053
23.487368
22.740000
25.330526
24.733684
25.258421
25.273684
23.622105
23.306316
25.882632
25.742105
23.199474
24.942105
23.446842
23.560000
23.001053
25.252632
25.518421
23.023158
23.058947
25.146316
24.792105
25.382105
23.867895
22.882632
24.621053
24.233684
23.120526
24.358421
24.137895
24.788421
23.432632
22.862105
24.812632
25.421579
22.585263
23.051579
23.354211
22.608947
22.971053
22.664737
22.390000
23.027895
24.387895
26.047368
23.299474
25.081053
22.997368
23.984737
22.828421
24.600526
23.206842
24.565789
24.233158
23.118421
23.051053
23.977368
24.962632
25.801579
24.233684
23.785789
24.870526
23.404211
22.793684
24.564737
24.594737
24.990000
24.757368
22.643158
22.791053
24.987368
24.053158
23.954737
23.112632
22.865263
23.598421
22.750000
22.648421
23.645789
23.789474
24.793158
25.825263
23.205789
24.123158
24.917895
22.770526
22.690526
22.766316
25.712105
23.154211
22.940000
24.040526
23.757895
22.966842
23.346842
25.001579
24.588421
24.585263
23.078947
23.357895
25.398947
23.500526
23.028947
22.827368
23.003684
24.353684
23.071579
24.165263
24.126842
22.837895
23.458421
25.760000
24.092105
23.087895
23.838947
23.688421
23.220000
22.627895
23.587895
24.546316
24.084737
24.961053
23.203684
25.464211
25.939474
24.957895
22.987895
24.226842
22.540000
22.603158
23.956316
23.115789
22.454737
23.226316
24.511579
24.492105
24.482632
23.223158
24.746842
23.338947
22.612632
22.623684
24.758947
24.793684
24.895263
23.536316
23.172632
25.135263
24.420000
24.704211
24.353684
24.981579
23.196842
22.762632
23.496842
25.365263
25.502632
24.685789
23.148421
23.164737
24.551053
25.529474
24.858947
22.659474
23.003158
24.887368
22.506316
23.782105
22.963684
24.195789
23.317895
25.280000
23.144211
23.531579
24.610526
23.367368
24.350526
23.111579
23.390526
24.325789
22.622632
23.617895
22.908947
24.631053
23.338947
25.740526
23.437368
23.729474
22.807368
23.139474
24.528421
23.616316
23.314211
22.754211
23.816842
24.582105
22.634737
22.955789
22.877895
23.312632
24.698421
23.178421
22.667368
24.004211
23.144211
23.520000
24.588947
24.621053
25.415789
25.036316
22.661053
23.410000
24.322105
23.509474
22.737895
24.710000
23.141579
23.625789
22.642105
23.864211
25.250526
23.300526
23.933684
22.759474
22.948421
25.755789
24.657368
25.652632
24.102105
25.199474
23.692105
23.438421
23.394737
24.894737
24.202105
24.665263
23.337368
23.328421
24.115263
23.386842
23.566316
23.582632
24.165263
25.243158
22.970526
25.103158
23.161579
22.453158
23.238947
25.380000
23.388421
24.396316
24.208421
24.882105
24.352105
25.242105
24.378947
25.814211
25.837895
25.126842
23.976842
23.726842
24.313684
24.048421
24.646316
24.153158
25.581579
23.930000
24.733158
24.250526
24.384737
23.130526
23.389474
22.946842
24.266842
23.492105
25.727368
23.087368
24.503684
22.436842
25.530526
22.805263
23.790526
24.715789
23.595263
24.590526
24.832632
23.073684
24.976316
23.810000
24.382632
25.610526
24.723684
24.744211
25.985263
23.686316
23.637895
22.517895
23.928421
23.821053
22.782632
23.570526
22.892632
24.394211
23.038421
25.640526
23.902632
23.510526
23.405789
24.520526
22.946316
23.438947
24.942105
23.225789
22.986316
24.326842
23.322632
24.583684
24.745789
23.774211
22.557895
24.354211
24.621053
24.221053
23.191579
22.565789
23.071579
23.872632
24.859474
23.034211
23.619474
22.450526
23.306842
23.073158
25.271053
23.350000
25.516316
23.975263
22.889474
25.901053
23.043158
23.653158
23.593684
24.628947
25.171053
23.105263
23.548421
22.683158
22.647368
23.661579
22.739474
24.476316
24.490526
24.974211
23.214211
23.550526
24.785263
25.476316
23.006842
25.840000
25.359474
25.354737
25.010000
23.171579
23.296842
23.838947
23.961579
22.738947
23.664737
25.021579
22.955789
22.664211
23.818947
23.245263
24.158421
25.373684
23.391053
24.512632
23.037895
23.565789
22.944737
23.395263
23.134211
23.430526
23.373158
24.146316
25.627368
25.411579
22.982105
23.466842
23.259474
23.622632
25.242632
25.600526
24.784211
24.702632
23.902105
23.514211
23.965263
23.710526
22.804211
22.721053
23.052105
24.223684
22.897895
23.481579
25.441053
22.531579
24.586842
23.604737
23.169474
23.713158
24.751579
23.960000
25.050526
24.949474
25.108421
23.440000
24.004737
23.340000
23.633158
22.965789
25.330000
24.613158
24.661579
23.437895
23.855789
22.950000
23.398947
23.586842
23.300000
23.402632
24.140526
23.462632
24.371579
24.452105
23.173684
24.600526
24.402105
22.703684
24.482105
22.925789
22.908947
24.970526
23.526842
25.502105
22.882632
24.322105
23.760000
22.402105
25.654211
22.813684
24.630526
23.304211
23.254211
25.219474
25.527368
23.153684
23.630000
25.258947
24.783158
24.005789
25.481053
23.539474
23.553684
25.184211
23.041053
24.185789
23.166316
24.309474
23.144211
25.374211
25.684737
25.993158
23.705263
23.609474
24.937895
22.940526
22.379474
23.410526
25.377368
25.053684
22.876842
23.701579
22.983684
23.941053
25.121053
23.863158
24.838947
23.438421
23.085263
23.106316
24.951053
24.594737
23.521053
24.783684
23.399474
24.140526
22.750526
23.788421
23.273158
24.067368
25.410526
24.375789
23.411053
24.514211
24.536842
24.346842
23.215789
22.639474
24.916316
22.679474
23.014211
25.150526
24.003684
24.021579
24.383158
25.571579
24.411579
23.414211
22.913158
25.373158
22.843158
23.025263
23.515263
23.030526
25.240000
23.226316
23.128947
24.853684
23.030000
22.827895
24.663684
25.194737
22.870526
22.780526
24.456316
24.180000
24.346842
22.905263
23.531053
25.168947
25.211579
23.403158
24.731579
23.014211
24.046842
24.312105
23.478421
23.988947
23.140000
23.236316
22.825789
23.611053
22.645789
23.719474
22.565263
23.040000
24.550526
25.111579
23.806842
23.433158
24.486316
24.370526
22.724737
23.057368
23.361053
25.087895
23.074211
23.674737
24.407368
23.002632
23.596842
23.222105
22.727368
25.246316
24.933158
23.073158
23.171053
25.484737
25.261579
24.690526
25.446842
23.498947
23.894211
22.698421
23.357368
22.895789
25.832105
23.592632
24.714211
24.804211
22.942632
24.558947
23.004211
24.787368
24.923684
25.006842
25.507895
23.387895
24.520526
22.847368
23.986842
24.717368
23.217895
22.570000
25.253158
23.076842
24.005789
25.276842
22.954737
25.431579
23.118947
23.186842
23.808947
23.287895
24.373158
25.160526
25.447895
25.787368
23.060526
22.783158
25.308421
23.439474
25.330000
23.106316
23.618947
25.151579
22.593684
25.576842
23.289474
23.320526
23.182632
24.858421
25.565789
22.937895
24.563684
23.597368
23.480000
22.693684
24.023158
22.655263
24.926316
24.486842
24.180000
23.525263
25.793158
24.916842
22.918947
25.132632
25.582632
24.758421
23.781053
25.495263
24.417368
22.905263
23.976316
23.434737
23.448421
23.368947
22.986842
23.234211
22.767895
23.234737
22.826842
23.651579
23.503158
24.427895
22.909474
22.806316
23.825263
22.501579
22.943684
22.878947
23.000526
23.224737
23.189474
25.204211
23.817368
24.799474
22.547895
23.023158
23.770000
24.635263
23.025789
23.293158
25.210526
22.976316
23.025789
23.420526
23.159474
23.266842
22.905263
24.428947
23.080526
23.270526
25.818421
22.932632
24.861579
23.155789
22.840526
25.359474
24.673684
22.416316
23.960526
23.124211
23.584211
25.615789
23.677895
23.175263
24.944211
22.736842
24.615263
22.903158
23.108421
23.303158
23.197368
25.260000
25.742632
24.045263
24.041053
23.664211
23.270000
24.965789
24.602105
24.673684
23.758947
22.933684
24.723684
23.400000
23.166316
22.768947
22.643158
22.941579
24.126316
23.832632
23.626316
23.043684
23.580000
23.423684
24.870000
23.025789
23.006316
24.617895
23.142632
23.992105
24.933684
23.156316
23.127895
24.831053
22.793684
22.678421
23.065263
23.237895
23.571579
23.957895
24.009474
24.954211
23.365263
24.224211
25.157368
25.502105
23.984737
24.304211
24.161053
24.394211
24.981053
23.884211
23.885789
22.760000
24.025263
25.162105
23.133684
22.628947
22.428421
22.987895
24.444737
23.419474
23.168421
22.762105
23.022632
23.280000
23.521579
24.870526
25.328421
22.885263
25.945263
25.536842
25.325263
24.906842
23.562632
22.852632
23.093684
23.663158
23.191579
25.117895
25.362105
25.523158
23.785789
24.356316
23.378421
24.567368
24.107368
22.394737
23.415789
22.931053
23.908421
23.865789
23.643684
23.788947
24.911579
25.433684
24.499474
22.760000
22.775263
22.798947
23.476316
24.622632
22.465789
24.185263
24.362105
24.450526
25.210526
23.028947
23.424737
23.791053
22.785789
23.408947
24.444737
25.541579
22.907895
24.234211
23.581053
25.217895
24.696316
25.060526
25.554737
23.465263
24.176842
22.981053
22.774737
25.180526
24.503684
25.192105
23.571579
24.572632
23.440000
24.446316
25.095263
22.987895
24.734737
24.361579
24.916316
22.718947
23.345789
23.426316
23.720526
22.792105
25.387895
25.116842
22.758421
23.079474
23.247895
24.605789
24.831053
23.550526
24.680000
24.475263
24.428947
23.618421
24.232105
23.607368
25.295263
25.626842
24.715263
23.090000
25.539474
22.573158
24.452105
23.372632
22.794737
22.973684
23.140000
25.133158
24.932105
23.656842
23.723684
23.627368
23.666842
24.293158
23.362632
23.695789
24.212105
24.388421
23.180000
23.623684
23.266842
22.736842
24.432632
24.873158
22.780000
22.808947
22.966842
23.614211
22.740526
24.134211
25.146842
24.614737
24.596316
23.772105
24.425263
23.065263
25.706316
22.939474
24.126842
24.347368
25.469474
23.242632
22.707368
25.167895
22.662632
23.826842
23.635263
24.908947
24.955263
22.813684
24.864211
24.574737
24.246316
22.635263
25.243684
25.237895
23.226316
22.729474
24.772105
23.679474
24.892105
23.426842
23.300526
25.024737
23.056842
23.857368
24.492632
22.907895
24.747368
23.481579
23.020000
22.754211
23.462105
24.536842
22.918421
24.468947
25.277895
24.003684
23.940000
24.981053
24.486842
24.777895
25.132105
24.948421
23.281053
23.392632
24.641579
24.673684
23.413684
24.813684
23.591053
24.834737
24.693158
25.040000
24.541579
23.646316
25.063684
25.467368
24.030526
24.048947
24.987368
23.436842
23.303684
23.463684
25.293684
24.016316
22.932105
25.480000
23.434737
25.115789
23.662632
24.023158
22.827368
23.214211
24.525263
23.056842
24.344737
23.208421
24.400000
25.480526
23.892632
24.875263
22.883684
24.443158
24.785789
23.301053
24.652632
24.878421
23.373158
23.141053
25.443158
23.957368
24.348947
23.638421
23.151053
24.202632
24.373158
23.407895
23.256316
24.220526
22.818947
24.366316
25.847368
23.972632
23.767895
24.104211
24.063684
23.489474
22.876316
23.552632
24.903684
24.413684
24.806316
23.320526
25.620526
23.368947
22.735263
23.644211
24.851053
25.173684
23.484211
25.343684
23.556842
22.969474
22.918421
23.257895
23.818947
24.582632
22.885789
24.405789
25.208421
23.908421
24.821579
23.733684
23.997368
23.462632
23.862632
22.374737
23.242632
25.088421
23.028947
25.115789
22.820526
24.256842
23.066316
25.032632
24.880526
23.852632
22.811579
24.012632
22.978947
23.145789
24.810000
23.513158
22.118947
24.968421
24.611579
24.505789
24.533684
22.775263
24.314737
23.856316
23.304737
23.159474
22.850000
25.050526
24.918421
24.534737
24.615263
23.373684
25.201053
23.904211
24.984211
24.996842
23.895789
23.542632
23.475263
24.600526
25.175789
25.302105
23.902632
23.022632
23.859474
24.680000
25.152105
25.004211
25.212105
24.318421
24.423684
22.827368
23.205263
22.931579
23.925789
23.369474
23.556316
25.082632
23.637895
22.834737
23.727368
23.920000
23.193158
23.868421
24.270526
22.744211
24.087368
23.147895
22.914737
23.497895
24.387368
23.113158
22.669474
24.393158
25.831053
24.876316
23.278421
23.923158
24.525789
23.297895
23.540526
23.708421
25.050526
24.961053
23.560000
23.745263
23.620526
23.312632
22.726842
23.193158
25.354211
23.016316
23.260000
22.501579
23.143158
22.810526
23.268947
24.001579
25.764211
22.806316
22.407895
25.552632
23.733158
25.755789
23.089474
24.081579
23.723158
24.451053
23.775789
23.786842
23.098421
22.978421
22.502632
24.238947
23.441579
23.829474
23.209474
25.033684
23.895789
23.636842
22.830000
25.575789
22.767368
23.731053
25.283158
23.171579
22.655789
23.379474
24.055263
23.727895
23.165789
22.552632
24.441579
24.771053
23.297368
23.960000
23.044211
22.826316
24.831053
23.791053
24.386842
22.846842
23.065789
23.456316
24.178421
23.343684
23.065263
22.950000
23.773684
25.641579
23.283158
23.954211
25.197368
22.985789
23.370526
23.962632
23.691579
23.146316
23.714211
22.376842
23.960526
25.491579
22.787368
24.177895
23.707368
23.756316
24.232632
23.197368
24.089474
22.790000
23.005789
22.942632
25.356316
25.291579
24.401579
24.164211
24.492632
25.790526
22.741053
24.532632
24.562105
24.270526
24.365263
23.805263
23.228421
24.825789
23.704737
23.278947
23.575263
23.587895
24.795263
24.901579
23.362632
25.410526
23.163684
25.177895
22.739474
25.360526
25.963158
24.814211
22.799474
25.461579
23.378421
24.385263
24.760000
25.096316
22.972632
25.886316
23.083684
24.887368
22.677895
24.416316
23.723684
23.930000
23.984737
23.027368
23.010526
23.426316
25.145263
23.315263
23.977895
24.362105
23.000526
22.738947
24.981579
24.611579
24.995789
24.809474
24.015263
23.157895
24.255789
24.145263
23.816316
23.683158
24.622632
23.811579
25.251579
24.595789
23.593158
22.867368
23.357895
22.644211
24.160000
25.503684
23.284211
23.306316
24.405789
24.722632
25.769474
23.953158
23.033158
25.251579
23.752105
23.284211
22.591053
24.025789
23.360526
23.638947
25.597368
23.096842
23.826842
23.233684
24.127368
23.587895
23.283158
23.178947
22.640000
25.458947
22.812105
22.822632
23.552632
22.830526
22.973684
22.859474
23.471579
23.279474
22.770526
24.701579
24.091053
25.675263
23.303158
25.308421
23.221579
25.186842
22.637368
24.231579
23.044737
24.555263
24.478421
22.762632
22.812105
23.608421
23.048421
22.465789
24.789474
25.184211
23.798947
23.062632
23.986842
23.605263
24.998421
25.217368
24.177368
24.405789
25.050526
23.760000
22.850526
23.106842
25.698421
25.728947
23.308947
24.805789
23.482632
23.087895
24.957368
25.121579
24.490000
23.296316
23.135789
23.285789
25.117368
24.440000
23.786842
23.390526
23.824211
22.595263
24.510000
22.481579
23.533158
25.261579
22.946316
24.427368
23.386842
22.758421
23.406316
23.826316
24.971579
24.924211
26.015789
24.705789
23.274737
23.166842
22.883684
23.000526
23.803684
24.388947
23.635263
24.903158
24.465789
23.200000
23.295789
22.840000
24.214737
22.640526
23.426316
23.101053
22.768421
23.615263
24.349474
22.485263
23.547368
25.441053
24.478421
25.158421
25.198421
25.199474
23.897895
23.430000
24.046316
25.450526
22.963158
24.497368
22.568421
25.626842
23.225789
23.150526
23.157368
24.667895
24.619474
26.039474
23.361579
23.865789
23.031579
23.144211
23.341053
22.684737
22.676842
25.047368
23.992105
24.753158
25.033684
23.687895
23.453158
24.248947
24.039474
24.400000
22.846316
23.331579
23.440000
23.276842
23.474211
23.527368
23.161053
22.660526
24.045263
25.301579
24.553684
23.485263
24.196316
22.588421
25.571579
23.290000
24.858421
23.191053
24.037368
24.480526
24.351579
23.240526
25.055789
22.898947
23.573684
23.787368
23.773158
23.097368
22.680000
23.783684
23.010526
24.343158
22.822632
24.802105
25.272632
23.663158
23.227895
23.787368
22.557895
22.386842
24.690526
24.095263
23.720000
25.475789
23.360526
24.325789
23.310000
25.098947
23.495789
23.130000
23.171579
24.797368
24.589474
23.850526
23.916316
23.932632
22.978947
24.489474
25.100526
25.298947
23.842632
24.005789
23.787368
23.991053
23.212632
23.351053
23.653684
24.792105
22.486842
25.261053
24.983158
23.050526
23.142632
24.717895
24.498947
23.328421
23.745263
23.626316
25.373684
24.628947
23.714211
24.536842
23.561579
25.191053
24.834211
25.231579
24.927368
24.952632
23.509474
23.452632
25.448421
23.082632
24.826316
22.685789
22.903684
22.765263
23.338947
23.748947
23.107368
23.906316
23.103684
25.475263
25.639474
24.948421
22.791053
24.314211
23.180526
23.094737
24.969474
23.724737
23.329474
24.645789
23.322632
24.540526
22.541053
23.071053
23.430000
22.708421
25.030000
23.255263
22.917368
22.545789
23.273684
24.457368
24.660526
24.241579
22.718421
25.592632
24.180526
23.403158
22.696316
22.970000
23.296842
23.483684
25.176842
24.475263
22.976842
23.584737
24.164211
23.451579
23.320526
25.570000
23.417368
23.564737
23.205263
23.217895
23.543158
23.674211
23.311579
24.993158
23.673684
22.901579
23.173158
25.128947
22.838947
24.192632
24.447368
23.103684
22.954211
24.107895
22.802632
25.156316
24.067895
24.686842
23.301053
24.802105
24.191053
25.187368
23.613158
24.995789
24.500000
24.761053
23.177895
22.640526
23.818947
24.347368
24.240526
24.476316
25.020000
25.107368
23.273684
23.588947
24.753684
25.537368
23.464737
25.482632
25.381579
24.980526
25.397368
25.420000
23.269474
24.841053
24.376842
24.025789
22.516842
23.277895
25.173684
25.328421
23.716842
23.114737
23.282632
22.753684
23.422105
24.894737
22.703158
23.706842
22.821579
24.271579
23.097895
23.728947
23.118421
25.242632
23.537895
25.028947
23.695789
24.888421
23.699474
23.658947
24.271579
24.620000
24.642632
25.361579
22.884737
24.935789
24.457895
22.707368
24.761579
22.867368
23.620526
24.912632
25.053158
24.742105
23.616316
23.792105
22.683158
23.355789
